4.121040e+05 14 3.003294e-07 -1.708456e-01 -5.498752e-02 -3.308989e-03 2.077363e+00 -2.355874e+00 -7.368635e-02 2 7.100711e-06 -1.707965e-01 -5.493819e-02 -3.267563e-03 7.007629e-01 -2.228908e+00 2.191725e-02
4.130677e+05 2 7.401040e-06 1.767547e-01 -7.017385e-03 5.823750e-03 1.352671e-01 2.388982e+00 -5.667939e-03 8 3.003294e-07 1.767598e-01 -6.941923e-03 5.856467e-03 -8.242272e-01 2.855500e+00 -1.252352e+00
7.891794e+05 17 3.003294e-07 1.678618e-01 8.251361e-02 5.375321e-03 -2.517739e+00 -1.913338e+00 8.671544e-01 2 7.701370e-06 1.678863e-01 8.246979e-02 5.441714e-03 -9.816243e-01 2.055955e+00 -8.605882e-02
2.513863e+06 11 3.003294e-07 2.012606e-01 1.014028e-01 1.426594e-02 4.657166e-01 1.397306e+00 2.445819e+00 3 4.055088e-06 2.012751e-01 1.013720e-01 1.432832e-02 -1.127429e+00 1.874872e+00 7.889329e-02
2.951290e+06 3 4.355417e-06 1.410762e-01 -2.006425e-01 -1.199139e-02 1.588450e+00 1.083347e+00 2.788673e-01 15 3.003294e-07 1.410316e-01 -2.006853e-01 -1.195547e-02 1.678167e+00 1.916976e+00 -1.122825e+00
3.264208e+06 2 8.001699e-06 -1.371930e-01 8.620297e-02 -1.893123e-03 -1.282903e+00 -2.164728e+00 -1.762204e-01 13 3.003294e-07 -1.371266e-01 8.619707e-02 -1.942105e-03 -1.600961e+00 5.618687e-01 2.989176e+00
4.104530e+06 3 4.655747e-06 4.938865e-03 2.478143e-01 1.648904e-02 -1.940198e+00 -6.089803e-02 -1.571613e-01 15 3.003294e-07 4.885133e-03 2.477644e-01 1.648666e-02 -1.670966e+00 3.218786e-01 -1.848956e+00
1.525514e+07 2 8.302029e-06 1.434355e-01 6.173205e-02 8.973010e-03 -1.072316e+00 2.289094e+00 2.569867e-02 7 3.003294e-07 1.433844e-01 6.179656e-02 8.964433e-03 2.319218e+00 -1.100682e+00 -2.374285e+00
1.681209e+07 13 3.003294e-07 1.365251e-01 5.412211e-02 2.462508e-02 -5.427100e-01 2.392071e+00 -2.099150e+00 2 8.602358e-06 1.366002e-01 5.410362e-02 2.458936e-02 -1.037593e+00 2.356254e+00 -1.208447e-01
1.772720e+07 1 5.980508e-06 6.410343e-03 1.263322e-01 -6.079620e-03 -2.510819e+00 4.139020e-01 -6.281541e-01 2 8.902687e-06 6.439077e-03 1.264252e-01 -6.006585e-03 -2.971074e+00 5.800965e-04 -3.356382e-01
2.515650e+07 6 3.003294e-07 -1.061414e-01 2.151549e-01 -7.759241e-03 -1.258234e+00 -2.355978e+00 -6.528608e-01 2 4.956076e-06 -1.061539e-01 2.150892e-01 -7.792050e-03 -1.801322e+00 -9.533011e-01 -1.189470e-01
